{
 "cells": [
  {
   "cell_type": "markdown",
   "id": "125d17a6",
   "metadata": {},
   "source": [
    "# Extract from pointclouds"
   ]
  },
  {
   "cell_type": "code",
   "execution_count": 1,
   "id": "abdcd6fd",
   "metadata": {},
   "outputs": [],
   "source": [
    "import os\n",
    "import shutil"
   ]
  },
  {
   "cell_type": "code",
   "execution_count": 5,
   "id": "99197844",
   "metadata": {},
   "outputs": [
    {
     "name": "stdout",
     "output_type": "stream",
     "text": [
      "lvl=4 312.4918750001816 - 312.49187499999243\n",
      "lvl=4 312.4918750001816 - 312.49187499999243\n",
      "lvl=4 312.4918750001816 - 312.49187499999243\n",
      "lvl=5 312.4918750001816 - 312.49187499999243\n",
      "lvl=5 312.4918750001816 - 312.49187499999243\n",
      "lvl=5 312.4918750001816 - 312.49187499999243\n",
      "lvl=6 312.4918750001816 - 312.49187499999243\n",
      "lvl=6 312.4918750001816 - 312.49187499999243\n",
      "lvl=6 312.4918750001816 - 312.49187499999243\n"
     ]
    }
   ],
   "source": [
    "src_pointclouds = r\"D:\\GitHubProjects\\Terranum_repo\\pc_movement_tracking\\data\\test_14_neigh_on_target_2\\results\\pointclouds\"\n",
    "x_min = 312\n",
    "x_max = 313\n",
    "y_min = 312\n",
    "y_max = 313\n",
    "src_res = os.path.join(src_pointclouds, f'target_region_x_btw_{x_min}_{x_max}_y_btw_{y_min}_{y_max}')\n",
    "os.makedirs(src_res, exist_ok=True)\n",
    "\n",
    "list_files = [x for x in os.listdir(src_pointclouds) if x.endswith('.ply')]\n",
    "for file in list_files:\n",
    "    x = float(file.split('x=')[1].split('_')[0])\n",
    "    y = float(file.split('y=')[1].split('_')[0])\n",
    "    if x > x_min and x < x_max and y > y_min and y < y_max:\n",
    "        lvl = file.split(\"lvl=\")[1].split('_')[0]\n",
    "        print(f\"lvl={lvl}\", x, '-', y)\n",
    "        shutil.copyfile(\n",
    "            os.path.join(src_pointclouds, file),\n",
    "            os.path.join(src_res, file),\n",
    "        )"
   ]
  },
  {
   "cell_type": "code",
   "execution_count": null,
   "id": "942bd539",
   "metadata": {},
   "outputs": [
    {
     "name": "stdout",
     "output_type": "stream",
     "text": [
      "2.3822150327230367\n",
      "[0.99886577 0.04761478]\n",
      "---\n",
      "47.92137426036431\n",
      "[-0.99983643 -0.01808651]\n"
     ]
    }
   ],
   "source": [
    "import numpy as np\n",
    "\n",
    "M1 = np.array([\n",
    "    [0.999071598053, -0.002778062597,  0.042990688235,  4.300254344940],\n",
    "    [0.002837889595,  0.999995112419, -0.001330655534,  0.087933219969],\n",
    "    [-0.042986780405,  0.001451422926,  0.999074578285, -1.668925285339],\n",
    "    [0.000000000000,  0.000000000000,  0.000000000000,  1.000000000000]\n",
    "])\n",
    "\n",
    "M2 = np.array([\n",
    "    [ 9.74118351e-01,  2.14852136e-01,  7.02281856e-02, -1.00063704e+02],\n",
    "    [-2.15409348e-01,  9.76523771e-01,  3.69943658e-04,  3.88062410e+00],\n",
    "    [-6.85000094e-02, -1.54881765e-02,  9.97530884e-01,  6.97803985e+00],\n",
    "    [ 0.00000000e+00,  0.00000000e+00,  0.00000000e+00,  1.00000000e+00]\n",
    "])\n",
    "\n",
    "# v = np.array([-7.81742187, 476.55273437, 24.34401826])\n",
    "v1i = np.vstack([np.array([-8.79164, 475.538, -58.8167]).reshape((3,1)) / 2, np.array([1])])\n",
    "v2i = np.vstack([np.array([-7.81742187, 476.55273437, 24.34401826]).reshape((3,1)) / 2, np.array([1])])\n",
    "\n",
    "v1f = np.linalg.matmul(M1, v1i)\n",
    "v2f = np.linalg.matmul(M2, v2i)\n",
    "norm1 = float(np.linalg.norm(v1f[:2]-v1i[:2]))\n",
    "norm2 = float(np.linalg.norm(v2f[:2]-v2i[:2]))\n",
    "\n",
    "direction1 = ((v1f[0:2] - v1i[0:2]) / norm1).squeeze(-1)\n",
    "direction2 = ((v2f[0:2] - v2i[0:2]) / norm2).squeeze(-1)\n",
    "\n",
    "print(norm1)\n",
    "print(direction1)\n",
    "print('---')\n",
    "print(norm2)\n",
    "print(direction2)"
   ]
  },
  {
   "cell_type": "code",
   "execution_count": 4,
   "id": "f7eef1ad",
   "metadata": {},
   "outputs": [
    {
     "name": "stdout",
     "output_type": "stream",
     "text": [
      "5.06945893397858\n"
     ]
    }
   ],
   "source": [
    "import numpy as np\n",
    "\n",
    "mat = np.array([\n",
    "    [0.996928095818, -0.078206919134, -0.004252388142,  21.257793426514],\n",
    "    [0.078305892646,  0.996363282204,  0.033591914922, -23.493484497070],\n",
    "    [0.001609803410, -0.033821709454,  0.999426603317,   9.741918563843],\n",
    "    [0.0,             0.0,              0.0,              1.0]\n",
    "])\n",
    "\n",
    "center = (np.array([312.4918750001816, 312.49187499999243, -146.34598173565473]) + np.array([328.1167187501851, 328.1167187499923, 195.03401826434538])) /  2\n",
    "center = np.vstack([center.reshape((3,1)), np.array([1])])\n",
    "transformed = np.linalg.matmul(mat, center)\n",
    "diff = transformed - center\n",
    "print(np.linalg.norm(diff))\n"
   ]
  },
  {
   "cell_type": "code",
   "execution_count": 36,
   "id": "80ddf7ce",
   "metadata": {},
   "outputs": [
    {
     "name": "stdout",
     "output_type": "stream",
     "text": [
      "(3642, 3)\n"
     ]
    },
    {
     "data": {
      "text/plain": [
       "True"
      ]
     },
     "execution_count": 36,
     "metadata": {},
     "output_type": "execute_result"
    }
   ],
   "source": [
    "import open3d as o3d\n",
    "ply_in = r\"D:\\GitHubProjects\\Terranum_repo\\pc_movement_tracking\\data\\test_12_filtering\\test_confidence\\2589_1169\\results\\pointclouds\\target_region_x_btw_-16_-1_y_btw_468_484\\alligned_pc_lvl=6_x=-15.629843749891734_y=468.740312499991_pretransformed_crop.ply\"\n",
    "pc = o3d.io.read_point_cloud(ply_in)\n",
    "print(np.asarray(pc.points).shape)\n",
    "pc.transform(M2)\n",
    "o3d.io.write_point_cloud(os.path.join(os.path.dirname(ply_in), 'test2_icp_from_cc.ply'), pc)"
   ]
  }
 ],
 "metadata": {
  "kernelspec": {
   "display_name": ".venv (3.9.13)",
   "language": "python",
   "name": "python3"
  },
  "language_info": {
   "codemirror_mode": {
    "name": "ipython",
    "version": 3
   },
   "file_extension": ".py",
   "mimetype": "text/x-python",
   "name": "python",
   "nbconvert_exporter": "python",
   "pygments_lexer": "ipython3",
   "version": "3.9.13"
  }
 },
 "nbformat": 4,
 "nbformat_minor": 5
}
